-1448
180
11519
5794
22161
11915
7308
12239
17914
3845
-2360
19156
-1308
24367
2540
23788
6053
22195
21903
3638
24424
8745
14035
12953
15239
-1740
7655
6318
10960
17395
27671
23471
19584
17886
-1359
26570
-3063
21889
333
16718
18286
5361
22308
26060
12013
9044
18474
15401
3144
12127
-4661
10544
26358
-881
-830
11212
21236
1575
15911
22156
21481
21270
18859
-3713
17387
-3628
8308
-4273
9194
18886
23613
8228
-3957
2009
12108
13572
27137
23253
9674
25587
-4342
27081
2747
20612
23251
15590
3826
6954
-4444
22617
16627
-3178
-1783
12668
6310
9154
6520
9203
989
8031
