4189
16263
7890
21734
18493
5283
23208
10763
4690
11027
19190
12468
18884
16239
5481
19
12805
14579
19942
4016
23951
24445
1332
26913
21607
13175
6385
18798
20425
25830
8059
11346
4658
3204
3848
25808
-3807
2420
7390
9912
-1266
10317
22482
8177
22477
17154
7629
20031
-958
10609
13786
830
11001
18908
23409
14234
23598
18705
25233
4420
25458
13380
12808
12102
9954
5231
24682
11444
22807
18840
844
-2753
-3397
16909
12964
860
4837
-845
19431
11425
549
15681
21455
9261
2654
5906
1986
14595
22161
13256
5428
6205
9401
16056
2770
20576
13846
15199
17084
14478
23998
20516
15747
23441
2536
12392
22604
21599
1637
13059
1799
17716
16953
-535
22347
22697
19458
7290
6073
25847
6628
9737
8178
7158
7309
-4479
23187
-2595
2879
9482
9889
-528
4816
26615
162
25275
26957
8069
13315
3600
6069
19934
8137
20709
15997
4425
10417
1477
9242
7372
-3006
2509
26964
23416
7166
6123
13509
-4314
2529
3679
-3552
-5000
18365
11788
-2649
4968
755
11423
-3954
-1303
25483
6564
15913
20405
638
11706
-4904
18065
13934
-3651
8591
2969
14800
25203
20034
22241
11188
6311
2563
8553
-2750
14718
26117
9568
11150
-1231
14661
21897
7153
17608
-1267
-2672
5426
2764
19599
10818
23955
24722
26017
9225
9531
8572
12356
11510
19740
17993
-4074
6009
-4941
24535
4939
10690
21831
3716
25063
-1296
9297
7719
1528
25937
687
8376
26327
309
8865
24337
24767
6492
21151
10291
8118
23329
16391
26564
-4765
3700
14678
16885
12305
12191
16107
15150
22782
-749
25499
16301
21834
-4199
10905
4662
2903
1386
-3558
364
24244
-1031
9068
5692
11079
6275
19349
7392
10925
16824
-2795
14989
-1693
21196
12500
10810
18736
17140
12056
16499
8965
9105
23068
13531
8019
24522
7556
14094
20968
17659
5854
9086
349
-1864
1669
-2599
1066
20469
25091
1250
383
2113
14093
12864
2501
26413
12837
3235
1697
15994
15549
-1789
8646
15845
7
11066
20328
3142
12982
13990
18058
27545
-1610
-2867
5150
13159
2707
7742
2003
53
4994
14964
5711
5513
23956
9795
309
16364
1284
13470
19223
9577
-3289
-3953
12948
26424
5428
27487
12027
23122
14365
21207
10990
18701
18515
4990
16745
15910
13708
-2217
25081
3239
2184
7667
9394
4214
17213
14132
13154
21782
2738
3555
2901
18837
13914
8441
12501
18965
6893
8556
17197
14291
24176
6637
8003
22284
19969
11384
20722
15276
-1184
16776
19182
15905
26135
26018
16397
4578
1024
-3147
25735
14842
9599
11930
24420
11146
17526
6155
25068
18973
10761
13758
21838
19221
19808
16067
1286
22288
24719
8235
19825
13585
26764
18395
-4321
17826
5474
13190
-89
-402
17984
-2968
24523
24131
-4952
5488
18205
15006
27147
18063
21255
21527
1876
5089
794
-3703
15343
9523
3856
15923
-2161
20095
-3712
-2367
-3084
6593
17341
2845
-3957
1531
-2621
14898
-426
18545
23507
-144
3471
8499
-1741
463
15683
-3459
19831
14838
14543
10665
4673
14726
7143
11723
22108
8158
147
10926
25595
20926
-2783
7914
26841
151
9923
13892
4570
26203
21563
27294
4052
3431
-4773
17073
23869
16917
20604
23306
-763
16128
-4344
-4286
22838
17762
6944
23428
7166
6069
-2593
-1742
7186
25032
4231
495
22208
12674
18623
-11
15238
22179
21423
25781
2305
-2291
-4040
16019
1621
3364
10317
14915
-1179
1301
4393
-4262
25644
27042
2050
13818
1377
11139
5181
13760
10326
7461
23174
5412
-508
10856
3094
20717
25130
12123
25231
-3054
8579
2883
12718
4350
-3764
1953
11090
6394
16084
18988
25130
10708
-1820
15618
14103
9121
5614
17713
-2962
23004
23038
1005
11512
10246
-65
10665
1927
2435
-1580
19359
11006
-4819
9758
23885
18169
-3874
24848
-4902
22058
27559
-3634
-2491
4686
12294
13982
5017
3320
27174
22328
11058
26854
22605
-1288
6584
-4207
27672
2042
485
20079
11125
-551
10194
18269
9770
-3815
8706
5700
19596
19799
27334
-4314
4556
21477
14433
18331
653
26024
23356
7192
16468
7424
22815
-3020
-3382
13884
-232
27635
3705
6422
-517
26394
26768
14855
-1816
10820
23219
2859
13433
19670
-513
22999
11263
-2879
2690
18390
1709
10718
2716
-4112
20181
-1974
18566
20718
4800
22597
3830
17068
13346
5590
-1379
23389
13180
26072
13835
-4904
21240
8443
17999
23814
11380
26976
10571
-223
13308
21088
3239
365
3438
738
15223
2441
4418
21854
26163
5074
13011
17196
27365
18234
100
4085
-3749
2511
21305
18815
8431
3025
7764
1439
5360
-3228
10311
7650
18516
-4443
8713
25212
14827
-1440
2645
24101
21172
3055
-2360
11998
24261
26185
4992
6304
1109
21695
18159
-1693
15291
23721
16953
4996
18266
27284
9870
13549
15667
13108
9097
22372
25272
6807
15596
9599
10628
-2362
4323
-1044
10766
3579
24035
23994
20710
7556
17909
17287
22259
16930
8371
15285
27063
17083
26651
15032
-489
4033
10145
11173
13540
25555
2686
19735
-3909
26336
1231
5552
22729
18948
12132
12559
21143
11554
5247
7629
-2003
20199
-1962
22303
17393
2996
22167
9043
2122
7406
14214
15130
669
27105
3228
17110
-67
17008
13275
16447
21043
8344
25602
12311
2535
893
26164
27122
3124
5936
11892
5051
19044
22657
-2559
7423
83
13051
1345
22151
16548
9866
2565
20562
4942
20552
6316
12652
5777
-4642
-4284
15143
23872
7637
690
26409
12680
12416
6307
21965
26836
11804
10321
16308
14185
13287
23861
13042
10260
14258
26825
27495
10638
-1799
13241
3080
-4083
17638
26355
12751
1368
12485
14676
9400
11005
10363
7389
-4930
2632
-3236
-4880
26637
6687
25208
8469
21382
22436
24823
22242
2456
14427
14137
25755
-241
5896
217
6839
23482
3913
26088
14690
20132
25357
19648
17674
-968
19306
27740
1705
6112
27530
1339
16762
14303
4402
22757
8260
23794
-2084
25729
14170
-210
10251
22587
24603
2732
-2301
24667
-1244
24780
25513
21956
10283
-1708
21866
4448
9842
24231
-1137
23344
4262
26755
22373
-44
14182
-4738
24526
15556
14547
5058
13732
10601
13612
17592
-2190
26970
27099
1138
18212
-2029
6899
17939
25173
4369
24996
9719
2700
-3192
20299
20493
-2681
17122
-781
6051
18117
7857
903
3439
-14
-3109
11605
-2144
12923
3315
9792
7407
8083
